000 1 1 1
001 1 1 1
002 1 1 1
003 1 1 1
004 1 1 1
005 1 1 1
006 1 1 1
007 1 1 1
008 1 1 1
009 1 1 1
010 1 1 2
011 1 1 2
012 1 1 2
013 1 1 2
014 1 1 2
015 1 1 2
016 1 1 2
017 1 1 2
018 1 1 2
019 1 1 2
020 1 1 3
021 1 1 3
022 1 1 3
023 1 1 3
024 1 1 3
025 1 1 3
026 1 1 3
027 1 1 3
028 1 1 3
029 1 1 3
030 1 1 4
031 1 1 4
032 1 1 4
033 1 1 4
034 1 1 4
035 1 1 4
036 1 1 4
037 1 1 4
038 1 1 4
039 1 1 4
040 1 1 5
041 1 1 5
042 1 1 5
043 1 1 5
044 1 1 5
045 1 1 5
046 1 1 5
047 1 1 5
048 1 1 5
049 1 1 5
050 1 2 1
051 1 2 1
052 1 2 1
053 1 2 1
054 1 2 1
055 1 2 1
056 1 2 1
057 1 2 1
058 1 2 1
059 1 2 1
060 1 2 2
061 1 2 2
062 1 2 2
063 1 2 2
064 1 2 2
065 1 2 2
066 1 2 2
067 1 2 2
068 1 2 2
069 1 2 2
070 1 2 3
071 1 2 3
072 1 2 3
073 1 2 3
074 1 2 3
075 1 2 3
076 1 2 3
077 1 2 3
078 1 2 3
079 1 2 3
080 1 2 4
081 1 2 4
082 1 2 4
083 1 2 4
084 1 2 4
085 1 2 4
086 1 2 4
087 1 2 4
088 1 2 4
089 1 2 4
090 1 2 5
091 1 2 5
092 1 2 5
093 1 2 5
094 1 2 5
095 1 2 5
096 1 2 5
097 1 2 5
098 1 2 5
099 1 2 5
100 2 1 1
101 2 1 1
102 2 1 1
103 2 1 1
104 2 1 1
105 2 1 1
106 2 1 1
107 2 1 1
108 2 1 1
109 2 1 1
110 2 1 2
111 2 1 2
112 2 1 2
113 2 1 2
114 2 1 2
115 2 1 2
116 2 1 2
117 2 1 2
118 2 1 2
119 2 1 2
120 2 1 3
121 2 1 3
122 2 1 3
123 2 1 3
124 2 1 3
125 2 1 3
126 2 1 3
127 2 1 3
128 2 1 3
129 2 1 3
130 2 1 4
131 2 1 4
132 2 1 4
133 2 1 4
134 2 1 4
135 2 1 4
136 2 1 4
137 2 1 4
138 2 1 4
139 2 1 4
140 2 1 5
141 2 1 5
142 2 1 5
143 2 1 5
144 2 1 5
145 2 1 5
146 2 1 5
147 2 1 5
148 2 1 5
149 2 1 5
150 2 2 1
151 2 2 1
152 2 2 1
153 2 2 1
154 2 2 1
155 2 2 1
156 2 2 1
157 2 2 1
158 2 2 1
159 2 2 1
160 2 2 2
161 2 2 2
162 2 2 2
163 2 2 2
164 2 2 2
165 2 2 2
166 2 2 2
167 2 2 2
168 2 2 2
169 2 2 2
170 2 2 3
171 2 2 3
172 2 2 3
173 2 2 3
174 2 2 3
175 2 2 3
176 2 2 3
177 2 2 3
178 2 2 3
